4294967294,0
4294967279,342
4294967278,537
4294967279,341
4294967278,536
6,0
4,0
6,9
4294967279,340
4294967278,535
4294967279,339
4294967278,534
4294967279,338
4294967294,61
4294967294,46
4294967294,1
4294967294,17
4294967294,67
4294967294,41
4294967294,115
4294967294,43
4294967294,112
4294967294,25
4294967294,26
4294967278,533
4294967279,337
6,8
6,7
4,1
4,10
4294967278,193
4294967278,532
4294967279,336
4294967278,531
4294967279,335
4294967278,530
4294967279,334
4294967278,529
4294967294,5
4294967279,333
4294967278,528
4294967279,332
4294967278,527
4294967279,331
4294967278,526
4294967279,330
4294967278,186
4294967278,525
4294967279,329
4294967278,524
4294967278,0
4294967279,328
4294967278,523
4294967279,327
4294967278,522
4294967279,326
4294967278,521
4294967279,325
4294967278,181
4294967278,520
4294967279,324
4294967279,260
4294967294,6
4,2
4294967278,519
4,4
4294967278,132
4294967278,131
4294967278,130
4294967278,129
4294967278,128
4294967278,127
4294967278,126
4294967278,125
4294967278,124
4294967278,123
4294967278,122
4294967278,121
4294967278,120
4294967278,119
4294967278,118
4294967278,117
4294967278,116
4294967278,115
4294967278,114
4294967278,113
4294967278,112
4294967278,111
4294967278,110
4294967278,109
4294967278,108
4294967278,107
4294967278,106
4294967278,105
4294967278,104
4294967278,103
4294967278,102
4294967278,101
4294967278,100
4294967278,99
4294967278,98
4294967278,97
4294967278,96
4294967278,95
4294967278,94
4294967278,93
4294967278,92
4294967278,91
4294967278,90
4294967278,89
4294967278,87
4294967278,86
4294967278,85
4294967278,84
4294967278,83
4294967278,82
4294967278,81
4294967278,80
4294967278,79
4294967278,78
4294967278,77
4294967278,76
4294967278,75
4294967278,74
4294967278,73
4294967278,72
4294967278,71
4294967278,70
4294967278,69
4294967278,68
4294967278,64
4294967278,63
4294967278,62
4294967278,61
4294967278,60
4294967278,59
4294967278,58
4294967278,57
4294967278,56
4294967278,55
4294967278,54
4294967278,53
4294967278,52
4294967278,51
4294967278,50
4294967278,49
4294967278,48
4294967278,294
4294967278,47
4294967278,46
4294967278,45
4294967278,44
4294967278,43
4294967278,42
4294967278,41
4294967278,40
4294967278,39
4294967278,38
4294967279,24
4294967279,23
4294967279,22
4294967279,21
4294967279,17
4294967279,11
4294967279,9
4294967279,8
4294967279,7
4294967279,6
4294967279,5
4294967279,4
4294967279,323
4294967278,518
4294967278,67
4294967278,178
0,5
4294967279,322
4294967279,0
4294967278,517
4294967278,66
4,5
4294967278,516
4294967278,260
4294967278,65
4294967294,7
4294967279,321
4294967278,515
4294967279,320
4294967278,514
4294967279,319
4294967278,513
4294967278,512
6,6
4294967294,1357
4294967278,319
4294967279,318
4294967278,318
4294967279,317
4294967278,317
4294967294,1358
4294967279,316
4294967278,316
6,5
6,4
6,3
6,2
6,1
4294967278,315
4294967278,314
4294967278,313
4294967279,315
4294967278,312
4294967279,314
4294967278,311
5,4
5,2
5,1
4294967279,313
4294967278,310
4294967279,312
4,9
4294967279,311
4294967278,309
4294967279,310
4294967278,308
4294967279,309
4294967278,307
4294967279,308
4294967278,306
4294967279,307
4294967278,305
4294967278,304
4294967279,306
4294967278,303
4294967278,302
4294967278,301
4294967278,300
4294967278,299
4,8
4,7
4,6
4294967279,305
4294967279,304
4294967278,298
4294967279,303
4294967279,302
4294967278,297
4294967278,296
4294967279,301
4294967294,471
4294967278,277
4294967293,131
4294967293,130
4294967293,129
4294967293,128
4294967293,127
4294967293,126
4294967293,125
4294967293,124
4294967293,123
4294967293,122
4294967293,121
4294967293,120
4294967293,119
4294967293,118
4294967293,117
4294967293,116
4294967293,115
4294967293,114
4294967293,113
4294967293,112
4294967293,111
4294967293,110
4294967293,109
4294967293,108
4294967293,107
4294967293,106
4294967293,105
4294967293,104
4294967293,103
4294967293,102
4294967293,101
4294967293,100
4294967293,99
4294967293,98
4294967293,97
4294967293,96
4294967293,95
4294967293,94
4294967293,93
4294967293,92
4294967293,91
4294967293,90
4294967293,89
4294967293,88
4294967293,87
